%YAML:1.0
# camera parameter
# lens is either pinhole or fisheye

lens: fisheye

fx: 349.475340021459
fy: 351.21490491019074
cx: 327.7321913497484
cy: 211.1069552491865

k1: -0.05339752213986484
k2: 0.019285760147283504 
p1/k3: -0.0759693139820371
p2/k4: 0.06693911324667991



